166,15,Lg5WrqLKuE50QNRKmBhsu62AF0c=,nz/t4L6Nby293YNs5AMTRiCIjT8=
172,13,Lg5WrqLKuE50QNRKmBhsu62AF0c=,o1ryOk/az1528GS/KICXfvZuCCc=
173,13,Lg5WrqLKuE50QNRKmBhsu62AF0c=,o1ryOk/az1528GS/KICXfvZuCCc=
172,14,Lg5WrqLKuE50QNRKmBhsu62AF0c=,o1ryOk/az1528GS/KICXfvZuCCc=
174,12,Lg5WrqLKuE50QNRKmBhsu62AF0c=,o1ryOk/az1528GS/KICXfvZuCCc=
174,13,Lg5WrqLKuE50QNRKmBhsu62AF0c=,o1ryOk/az1528GS/KICXfvZuCCc=
173,14,Lg5WrqLKuE50QNRKmBhsu62AF0c=,o1ryOk/az1528GS/KICXfvZuCCc=
174,14,Lg5WrqLKuE50QNRKmBhsu62AF0c=,o1ryOk/az1528GS/KICXfvZuCCc=
172,12,Lg5WrqLKuE50QNRKmBhsu62AF0c=,o1ryOk/az1528GS/KICXfvZuCCc=
173,12,Lg5WrqLKuE50QNRKmBhsu62AF0c=,o1ryOk/az1528GS/KICXfvZuCCc=
175,14,Lg5WrqLKuE50QNRKmBhsu62AF0c=,o1ryOk/az1528GS/KICXfvZuCCc=
175,13,Lg5WrqLKuE50QNRKmBhsu62AF0c=,o1ryOk/az1528GS/KICXfvZuCCc=
175,12,Lg5WrqLKuE50QNRKmBhsu62AF0c=,o1ryOk/az1528GS/KICXfvZuCCc=
172,15,Lg5WrqLKuE50QNRKmBhsu62AF0c=,o1ryOk/az1528GS/KICXfvZuCCc=
174,15,Lg5WrqLKuE50QNRKmBhsu62AF0c=,o1ryOk/az1528GS/KICXfvZuCCc=
173,15,Lg5WrqLKuE50QNRKmBhsu62AF0c=,o1ryOk/az1528GS/KICXfvZuCCc=
175,15,Lg5WrqLKuE50QNRKmBhsu62AF0c=,o1ryOk/az1528GS/KICXfvZuCCc=
165,12,Lg5WrqLKuE50QNRKmBhsu62AF0c=,nz/t4L6Nby293YNs5AMTRiCIjT8=
164,12,Lg5WrqLKuE50QNRKmBhsu62AF0c=,nz/t4L6Nby293YNs5AMTRiCIjT8=
166,14,Lg5WrqLKuE50QNRKmBhsu62AF0c=,nz/t4L6Nby293YNs5AMTRiCIjT8=
165,14,Lg5WrqLKuE50QNRKmBhsu62AF0c=,nz/t4L6Nby293YNs5AMTRiCIjT8=
167,14,Lg5WrqLKuE50QNRKmBhsu62AF0c=,nz/t4L6Nby293YNs5AMTRiCIjT8=
164,14,Lg5WrqLKuE50QNRKmBhsu62AF0c=,nz/t4L6Nby293YNs5AMTRiCIjT8=
167,15,Lg5WrqLKuE50QNRKmBhsu62AF0c=,nz/t4L6Nby293YNs5AMTRiCIjT8=
165,15,Lg5WrqLKuE50QNRKmBhsu62AF0c=,nz/t4L6Nby293YNs5AMTRiCIjT8=
167,13,Lg5WrqLKuE50QNRKmBhsu62AF0c=,nz/t4L6Nby293YNs5AMTRiCIjT8=
166,13,Lg5WrqLKuE50QNRKmBhsu62AF0c=,nz/t4L6Nby293YNs5AMTRiCIjT8=
164,15,Lg5WrqLKuE50QNRKmBhsu62AF0c=,nz/t4L6Nby293YNs5AMTRiCIjT8=
165,13,Lg5WrqLKuE50QNRKmBhsu62AF0c=,nz/t4L6Nby293YNs5AMTRiCIjT8=
164,13,Lg5WrqLKuE50QNRKmBhsu62AF0c=,nz/t4L6Nby293YNs5AMTRiCIjT8=
167,12,Lg5WrqLKuE50QNRKmBhsu62AF0c=,nz/t4L6Nby293YNs5AMTRiCIjT8=
166,12,Lg5WrqLKuE50QNRKmBhsu62AF0c=,nz/t4L6Nby293YNs5AMTRiCIjT8=
174,7,Lg5WrqLKuE50QNRKmBhsu62AF0c=,LizByc35qi7gPnzv9JcoTUdA3Iw=
172,5,Lg5WrqLKuE50QNRKmBhsu62AF0c=,LizByc35qi7gPnzv9JcoTUdA3Iw=
173,5,Lg5WrqLKuE50QNRKmBhsu62AF0c=,LizByc35qi7gPnzv9JcoTUdA3Iw=
172,7,Lg5WrqLKuE50QNRKmBhsu62AF0c=,LizByc35qi7gPnzv9JcoTUdA3Iw=
174,5,Lg5WrqLKuE50QNRKmBhsu62AF0c=,LizByc35qi7gPnzv9JcoTUdA3Iw=
175,5,Lg5WrqLKuE50QNRKmBhsu62AF0c=,LizByc35qi7gPnzv9JcoTUdA3Iw=
172,4,Lg5WrqLKuE50QNRKmBhsu62AF0c=,LizByc35qi7gPnzv9JcoTUdA3Iw=
172,6,Lg5WrqLKuE50QNRKmBhsu62AF0c=,LizByc35qi7gPnzv9JcoTUdA3Iw=
173,7,Lg5WrqLKuE50QNRKmBhsu62AF0c=,LizByc35qi7gPnzv9JcoTUdA3Iw=
173,6,Lg5WrqLKuE50QNRKmBhsu62AF0c=,LizByc35qi7gPnzv9JcoTUdA3Iw=
174,4,Lg5WrqLKuE50QNRKmBhsu62AF0c=,LizByc35qi7gPnzv9JcoTUdA3Iw=
175,4,Lg5WrqLKuE50QNRKmBhsu62AF0c=,LizByc35qi7gPnzv9JcoTUdA3Iw=
174,6,Lg5WrqLKuE50QNRKmBhsu62AF0c=,LizByc35qi7gPnzv9JcoTUdA3Iw=
175,6,Lg5WrqLKuE50QNRKmBhsu62AF0c=,LizByc35qi7gPnzv9JcoTUdA3Iw=
161,6,Lg5WrqLKuE50QNRKmBhsu62AF0c=,cIqyVdoiDDsq0ugcnIF/ekhZ2j0=
160,7,Lg5WrqLKuE50QNRKmBhsu62AF0c=,cIqyVdoiDDsq0ugcnIF/ekhZ2j0=
160,5,Lg5WrqLKuE50QNRKmBhsu62AF0c=,cIqyVdoiDDsq0ugcnIF/ekhZ2j0=
175,7,Lg5WrqLKuE50QNRKmBhsu62AF0c=,LizByc35qi7gPnzv9JcoTUdA3Iw=
163,4,Lg5WrqLKuE50QNRKmBhsu62AF0c=,cIqyVdoiDDsq0ugcnIF/ekhZ2j0=
162,6,Lg5WrqLKuE50QNRKmBhsu62AF0c=,cIqyVdoiDDsq0ugcnIF/ekhZ2j0=
160,6,Lg5WrqLKuE50QNRKmBhsu62AF0c=,cIqyVdoiDDsq0ugcnIF/ekhZ2j0=
163,5,Lg5WrqLKuE50QNRKmBhsu62AF0c=,cIqyVdoiDDsq0ugcnIF/ekhZ2j0=
163,6,Lg5WrqLKuE50QNRKmBhsu62AF0c=,cIqyVdoiDDsq0ugcnIF/ekhZ2j0=
163,7,Lg5WrqLKuE50QNRKmBhsu62AF0c=,cIqyVdoiDDsq0ugcnIF/ekhZ2j0=
160,4,Lg5WrqLKuE50QNRKmBhsu62AF0c=,cIqyVdoiDDsq0ugcnIF/ekhZ2j0=
162,5,Lg5WrqLKuE50QNRKmBhsu62AF0c=,cIqyVdoiDDsq0ugcnIF/ekhZ2j0=
162,4,Lg5WrqLKuE50QNRKmBhsu62AF0c=,cIqyVdoiDDsq0ugcnIF/ekhZ2j0=
161,5,Lg5WrqLKuE50QNRKmBhsu62AF0c=,cIqyVdoiDDsq0ugcnIF/ekhZ2j0=
161,7,Lg5WrqLKuE50QNRKmBhsu62AF0c=,cIqyVdoiDDsq0ugcnIF/ekhZ2j0=
162,7,Lg5WrqLKuE50QNRKmBhsu62AF0c=,cIqyVdoiDDsq0ugcnIF/ekhZ2j0=
161,4,Lg5WrqLKuE50QNRKmBhsu62AF0c=,cIqyVdoiDDsq0ugcnIF/ekhZ2j0=
173,4,Lg5WrqLKuE50QNRKmBhsu62AF0c=,LizByc35qi7gPnzv9JcoTUdA3Iw=
172,21,uutU1TtZGAX+ICH22SAepeuGBG8=,I6cCNsuaUYyPiySNA6q2tJANf/k=
166,25,uutU1TtZGAX+ICH22SAepeuGBG8=,2qnWWcicu1P9FD51JSRjLV2Qruc=
172,20,uutU1TtZGAX+ICH22SAepeuGBG8=,I6cCNsuaUYyPiySNA6q2tJANf/k=
173,20,uutU1TtZGAX+ICH22SAepeuGBG8=,I6cCNsuaUYyPiySNA6q2tJANf/k=
172,22,uutU1TtZGAX+ICH22SAepeuGBG8=,I6cCNsuaUYyPiySNA6q2tJANf/k=
173,22,uutU1TtZGAX+ICH22SAepeuGBG8=,I6cCNsuaUYyPiySNA6q2tJANf/k=
174,22,uutU1TtZGAX+ICH22SAepeuGBG8=,I6cCNsuaUYyPiySNA6q2tJANf/k=
175,22,uutU1TtZGAX+ICH22SAepeuGBG8=,I6cCNsuaUYyPiySNA6q2tJANf/k=
173,21,uutU1TtZGAX+ICH22SAepeuGBG8=,I6cCNsuaUYyPiySNA6q2tJANf/k=
174,20,uutU1TtZGAX+ICH22SAepeuGBG8=,I6cCNsuaUYyPiySNA6q2tJANf/k=
172,23,uutU1TtZGAX+ICH22SAepeuGBG8=,I6cCNsuaUYyPiySNA6q2tJANf/k=
173,23,uutU1TtZGAX+ICH22SAepeuGBG8=,I6cCNsuaUYyPiySNA6q2tJANf/k=
174,23,uutU1TtZGAX+ICH22SAepeuGBG8=,I6cCNsuaUYyPiySNA6q2tJANf/k=
175,23,uutU1TtZGAX+ICH22SAepeuGBG8=,I6cCNsuaUYyPiySNA6q2tJANf/k=
175,20,uutU1TtZGAX+ICH22SAepeuGBG8=,I6cCNsuaUYyPiySNA6q2tJANf/k=
174,21,uutU1TtZGAX+ICH22SAepeuGBG8=,I6cCNsuaUYyPiySNA6q2tJANf/k=
175,21,uutU1TtZGAX+ICH22SAepeuGBG8=,I6cCNsuaUYyPiySNA6q2tJANf/k=
167,25,uutU1TtZGAX+ICH22SAepeuGBG8=,2qnWWcicu1P9FD51JSRjLV2Qruc=
165,25,uutU1TtZGAX+ICH22SAepeuGBG8=,2qnWWcicu1P9FD51JSRjLV2Qruc=
167,27,uutU1TtZGAX+ICH22SAepeuGBG8=,2qnWWcicu1P9FD51JSRjLV2Qruc=
167,24,uutU1TtZGAX+ICH22SAepeuGBG8=,2qnWWcicu1P9FD51JSRjLV2Qruc=
166,27,uutU1TtZGAX+ICH22SAepeuGBG8=,2qnWWcicu1P9FD51JSRjLV2Qruc=
164,25,uutU1TtZGAX+ICH22SAepeuGBG8=,2qnWWcicu1P9FD51JSRjLV2Qruc=
165,27,uutU1TtZGAX+ICH22SAepeuGBG8=,2qnWWcicu1P9FD51JSRjLV2Qruc=
164,27,uutU1TtZGAX+ICH22SAepeuGBG8=,2qnWWcicu1P9FD51JSRjLV2Qruc=
165,24,uutU1TtZGAX+ICH22SAepeuGBG8=,2qnWWcicu1P9FD51JSRjLV2Qruc=
164,24,uutU1TtZGAX+ICH22SAepeuGBG8=,2qnWWcicu1P9FD51JSRjLV2Qruc=
167,26,uutU1TtZGAX+ICH22SAepeuGBG8=,2qnWWcicu1P9FD51JSRjLV2Qruc=
166,26,uutU1TtZGAX+ICH22SAepeuGBG8=,2qnWWcicu1P9FD51JSRjLV2Qruc=
165,26,uutU1TtZGAX+ICH22SAepeuGBG8=,2qnWWcicu1P9FD51JSRjLV2Qruc=
164,26,uutU1TtZGAX+ICH22SAepeuGBG8=,2qnWWcicu1P9FD51JSRjLV2Qruc=
166,24,uutU1TtZGAX+ICH22SAepeuGBG8=,2qnWWcicu1P9FD51JSRjLV2Qruc=
182,25,vEtOENOasM35iwM49ApCuKcnchQ=,nLRGspg6s/vdjjWykyPjXbFFMEU=
183,25,vEtOENOasM35iwM49ApCuKcnchQ=,nLRGspg6s/vdjjWykyPjXbFFMEU=
181,25,vEtOENOasM35iwM49ApCuKcnchQ=,nLRGspg6s/vdjjWykyPjXbFFMEU=
183,24,vEtOENOasM35iwM49ApCuKcnchQ=,nLRGspg6s/vdjjWykyPjXbFFMEU=
183,26,vEtOENOasM35iwM49ApCuKcnchQ=,nLRGspg6s/vdjjWykyPjXbFFMEU=
180,25,vEtOENOasM35iwM49ApCuKcnchQ=,nLRGspg6s/vdjjWykyPjXbFFMEU=
183,27,vEtOENOasM35iwM49ApCuKcnchQ=,nLRGspg6s/vdjjWykyPjXbFFMEU=
182,26,vEtOENOasM35iwM49ApCuKcnchQ=,nLRGspg6s/vdjjWykyPjXbFFMEU=
182,27,vEtOENOasM35iwM49ApCuKcnchQ=,nLRGspg6s/vdjjWykyPjXbFFMEU=
181,27,vEtOENOasM35iwM49ApCuKcnchQ=,nLRGspg6s/vdjjWykyPjXbFFMEU=
181,26,vEtOENOasM35iwM49ApCuKcnchQ=,nLRGspg6s/vdjjWykyPjXbFFMEU=
182,24,vEtOENOasM35iwM49ApCuKcnchQ=,nLRGspg6s/vdjjWykyPjXbFFMEU=
180,27,vEtOENOasM35iwM49ApCuKcnchQ=,nLRGspg6s/vdjjWykyPjXbFFMEU=
181,24,vEtOENOasM35iwM49ApCuKcnchQ=,nLRGspg6s/vdjjWykyPjXbFFMEU=
180,26,vEtOENOasM35iwM49ApCuKcnchQ=,nLRGspg6s/vdjjWykyPjXbFFMEU=
180,24,vEtOENOasM35iwM49ApCuKcnchQ=,nLRGspg6s/vdjjWykyPjXbFFMEU=
187,5,pWdnTogvoqJ4ZTD3rppWivSzQxQ=,8qOO4g9cQvlvkNJRTY1ZwfaI2Vg=
180,12,pWdnTogvoqJ4ZTD3rppWivSzQxQ=,WF2XtMD5AMGohCNpqOaFQU/RGSE=
181,14,pWdnTogvoqJ4ZTD3rppWivSzQxQ=,WF2XtMD5AMGohCNpqOaFQU/RGSE=
186,5,pWdnTogvoqJ4ZTD3rppWivSzQxQ=,8qOO4g9cQvlvkNJRTY1ZwfaI2Vg=
182,14,pWdnTogvoqJ4ZTD3rppWivSzQxQ=,WF2XtMD5AMGohCNpqOaFQU/RGSE=
180,13,pWdnTogvoqJ4ZTD3rppWivSzQxQ=,WF2XtMD5AMGohCNpqOaFQU/RGSE=
181,12,pWdnTogvoqJ4ZTD3rppWivSzQxQ=,WF2XtMD5AMGohCNpqOaFQU/RGSE=
185,4,pWdnTogvoqJ4ZTD3rppWivSzQxQ=,8qOO4g9cQvlvkNJRTY1ZwfaI2Vg=
182,15,pWdnTogvoqJ4ZTD3rppWivSzQxQ=,WF2XtMD5AMGohCNpqOaFQU/RGSE=
187,7,pWdnTogvoqJ4ZTD3rppWivSzQxQ=,8qOO4g9cQvlvkNJRTY1ZwfaI2Vg=
182,12,pWdnTogvoqJ4ZTD3rppWivSzQxQ=,WF2XtMD5AMGohCNpqOaFQU/RGSE=
183,13,pWdnTogvoqJ4ZTD3rppWivSzQxQ=,WF2XtMD5AMGohCNpqOaFQU/RGSE=
183,15,pWdnTogvoqJ4ZTD3rppWivSzQxQ=,WF2XtMD5AMGohCNpqOaFQU/RGSE=
186,7,pWdnTogvoqJ4ZTD3rppWivSzQxQ=,8qOO4g9cQvlvkNJRTY1ZwfaI2Vg=
183,12,pWdnTogvoqJ4ZTD3rppWivSzQxQ=,WF2XtMD5AMGohCNpqOaFQU/RGSE=
185,7,pWdnTogvoqJ4ZTD3rppWivSzQxQ=,8qOO4g9cQvlvkNJRTY1ZwfaI2Vg=
183,14,pWdnTogvoqJ4ZTD3rppWivSzQxQ=,WF2XtMD5AMGohCNpqOaFQU/RGSE=
184,7,pWdnTogvoqJ4ZTD3rppWivSzQxQ=,8qOO4g9cQvlvkNJRTY1ZwfaI2Vg=
181,13,pWdnTogvoqJ4ZTD3rppWivSzQxQ=,WF2XtMD5AMGohCNpqOaFQU/RGSE=
184,4,pWdnTogvoqJ4ZTD3rppWivSzQxQ=,8qOO4g9cQvlvkNJRTY1ZwfaI2Vg=
180,15,pWdnTogvoqJ4ZTD3rppWivSzQxQ=,WF2XtMD5AMGohCNpqOaFQU/RGSE=
187,6,pWdnTogvoqJ4ZTD3rppWivSzQxQ=,8qOO4g9cQvlvkNJRTY1ZwfaI2Vg=
182,13,pWdnTogvoqJ4ZTD3rppWivSzQxQ=,WF2XtMD5AMGohCNpqOaFQU/RGSE=
181,15,pWdnTogvoqJ4ZTD3rppWivSzQxQ=,WF2XtMD5AMGohCNpqOaFQU/RGSE=
186,6,pWdnTogvoqJ4ZTD3rppWivSzQxQ=,8qOO4g9cQvlvkNJRTY1ZwfaI2Vg=
180,14,pWdnTogvoqJ4ZTD3rppWivSzQxQ=,WF2XtMD5AMGohCNpqOaFQU/RGSE=
185,5,pWdnTogvoqJ4ZTD3rppWivSzQxQ=,8qOO4g9cQvlvkNJRTY1ZwfaI2Vg=
184,5,pWdnTogvoqJ4ZTD3rppWivSzQxQ=,8qOO4g9cQvlvkNJRTY1ZwfaI2Vg=
185,6,pWdnTogvoqJ4ZTD3rppWivSzQxQ=,8qOO4g9cQvlvkNJRTY1ZwfaI2Vg=
184,6,pWdnTogvoqJ4ZTD3rppWivSzQxQ=,8qOO4g9cQvlvkNJRTY1ZwfaI2Vg=
187,4,pWdnTogvoqJ4ZTD3rppWivSzQxQ=,8qOO4g9cQvlvkNJRTY1ZwfaI2Vg=
186,4,pWdnTogvoqJ4ZTD3rppWivSzQxQ=,8qOO4g9cQvlvkNJRTY1ZwfaI2Vg=
